x1 = -0.22727272727272727
x2 = -0.5
x3 = 0.5909090909090909
