1번째
x1 = -0.22727272727272727
x2 = -0.5
x3 = 0.5909090909090909
2번째
x1 = 3.3333333333333335
x2 = 0.5555555555555556
3번째
x1 = 0.8571428571428571
x2 = 1.4285714285714286
x3 = 0.7142857142857143
